{
 "cells": [
  {
   "cell_type": "code",
   "execution_count": 1,
   "id": "f7f391e3",
   "metadata": {},
   "outputs": [],
   "source": [
    "import pandas as pd\n",
    "import numpy as np"
   ]
  },
  {
   "cell_type": "markdown",
   "id": "d2efaafa",
   "metadata": {},
   "source": [
    "**1. Pandas version**"
   ]
  },
  {
   "cell_type": "code",
   "execution_count": 5,
   "id": "197e340a",
   "metadata": {},
   "outputs": [
    {
     "data": {
      "text/plain": [
       "'2.0.3'"
      ]
     },
     "execution_count": 5,
     "metadata": {},
     "output_type": "execute_result"
    }
   ],
   "source": [
    "pd.__version__"
   ]
  },
  {
   "cell_type": "markdown",
   "id": "105689fb",
   "metadata": {},
   "source": [
    "**2. Load csv into dataframe and count columns**"
   ]
  },
  {
   "cell_type": "code",
   "execution_count": 2,
   "id": "fee63734",
   "metadata": {},
   "outputs": [
    {
     "data": {
      "text/plain": [
       "(20640, 10)"
      ]
     },
     "execution_count": 2,
     "metadata": {},
     "output_type": "execute_result"
    }
   ],
   "source": [
    "df = pd.read_csv ('data/housing.csv')\n",
    "df.shape"
   ]
  },
  {
   "cell_type": "markdown",
   "id": "c69af39c",
   "metadata": {},
   "source": [
    "**3. Find columns with null values**"
   ]
  },
  {
   "cell_type": "code",
   "execution_count": 7,
   "id": "8174493e",
   "metadata": {},
   "outputs": [
    {
     "name": "stdout",
     "output_type": "stream",
     "text": [
      "longitude               0\n",
      "latitude                0\n",
      "housing_median_age      0\n",
      "total_rooms             0\n",
      "total_bedrooms        207\n",
      "population              0\n",
      "households              0\n",
      "median_income           0\n",
      "median_house_value      0\n",
      "ocean_proximity         0\n",
      "dtype: int64\n"
     ]
    }
   ],
   "source": [
    "nan_count = df.isna().sum()\n",
    "print(nan_count)"
   ]
  },
  {
   "cell_type": "markdown",
   "id": "12d5946c",
   "metadata": {},
   "source": [
    "**4. Unique values for ocean_proximity**"
   ]
  },
  {
   "cell_type": "code",
   "execution_count": 8,
   "id": "9def13fb",
   "metadata": {},
   "outputs": [
    {
     "data": {
      "text/plain": [
       "5"
      ]
     },
     "execution_count": 8,
     "metadata": {},
     "output_type": "execute_result"
    }
   ],
   "source": [
    "df['ocean_proximity'].unique().size"
   ]
  },
  {
   "cell_type": "markdown",
   "id": "0417f389",
   "metadata": {},
   "source": [
    "**5. Average value of the 'median_house_value' for the houses near the bay**"
   ]
  },
  {
   "cell_type": "code",
   "execution_count": 23,
   "id": "0aa45d60",
   "metadata": {},
   "outputs": [
    {
     "data": {
      "text/plain": [
       "259212.31179039303"
      ]
     },
     "execution_count": 23,
     "metadata": {},
     "output_type": "execute_result"
    }
   ],
   "source": [
    "rslt_df = df[df['ocean_proximity'] == 'NEAR BAY']\n",
    "rslt_df['median_house_value'].mean()"
   ]
  },
  {
   "cell_type": "code",
   "execution_count": 24,
   "id": "b2b3ac2e",
   "metadata": {},
   "outputs": [
    {
     "data": {
      "text/plain": [
       "259212.31179039303"
      ]
     },
     "execution_count": 24,
     "metadata": {},
     "output_type": "execute_result"
    }
   ],
   "source": [
    "df['median_house_value'][df['ocean_proximity'] == 'NEAR BAY'].mean()"
   ]
  },
  {
   "cell_type": "markdown",
   "id": "9255da79",
   "metadata": {},
   "source": [
    "**6. Has the mean value changed after filling missing values?**"
   ]
  },
  {
   "cell_type": "code",
   "execution_count": 35,
   "id": "3df0ec88",
   "metadata": {},
   "outputs": [
    {
     "name": "stdout",
     "output_type": "stream",
     "text": [
      "537.8705525375617\n"
     ]
    }
   ],
   "source": [
    "avg = df['total_bedrooms'].mean()\n",
    "print(avg)"
   ]
  },
  {
   "cell_type": "code",
   "execution_count": 30,
   "id": "07802810",
   "metadata": {},
   "outputs": [
    {
     "name": "stdout",
     "output_type": "stream",
     "text": [
      "537.8705525375617\n"
     ]
    }
   ],
   "source": [
    "df['total_bedrooms'] = df['total_bedrooms'].fillna(avg)"
   ]
  },
  {
   "cell_type": "code",
   "execution_count": null,
   "id": "69858334",
   "metadata": {},
   "outputs": [],
   "source": [
    "avg = df['total_bedrooms'].mean()\n",
    "print(avg)"
   ]
  },
  {
   "cell_type": "code",
   "execution_count": 34,
   "id": "64783595",
   "metadata": {},
   "outputs": [
    {
     "name": "stdout",
     "output_type": "stream",
     "text": [
      "longitude             0\n",
      "latitude              0\n",
      "housing_median_age    0\n",
      "total_rooms           0\n",
      "total_bedrooms        0\n",
      "population            0\n",
      "households            0\n",
      "median_income         0\n",
      "median_house_value    0\n",
      "ocean_proximity       0\n",
      "dtype: int64\n"
     ]
    }
   ],
   "source": [
    "nan_count = df.isna().sum()\n",
    "print(nan_count)"
   ]
  },
  {
   "cell_type": "markdown",
   "id": "33f9c3fe",
   "metadata": {},
   "source": [
    "**7: Value of the last element of w\\***"
   ]
  },
  {
   "cell_type": "code",
   "execution_count": 7,
   "id": "8f58aecd",
   "metadata": {},
   "outputs": [
    {
     "data": {
      "text/plain": [
       "array(['NEAR BAY', '<1H OCEAN', 'INLAND', 'NEAR OCEAN', 'ISLAND'],\n",
       "      dtype=object)"
      ]
     },
     "execution_count": 7,
     "metadata": {},
     "output_type": "execute_result"
    }
   ],
   "source": [
    "df['ocean_proximity'].unique()"
   ]
  },
  {
   "cell_type": "code",
   "execution_count": 19,
   "id": "1aa2edd9",
   "metadata": {},
   "outputs": [
    {
     "data": {
      "text/plain": [
       "array([[  27., 1675.,  521.],\n",
       "       [  52., 2359.,  591.],\n",
       "       [  52., 2127.,  512.],\n",
       "       [  52.,  996.,  264.],\n",
       "       [  29.,  716.,  214.]])"
      ]
     },
     "execution_count": 19,
     "metadata": {},
     "output_type": "execute_result"
    }
   ],
   "source": [
    "X = df[['housing_median_age','total_rooms','total_bedrooms']][df['ocean_proximity'] == 'ISLAND'].to_numpy()\n",
    "X"
   ]
  },
  {
   "cell_type": "code",
   "execution_count": 71,
   "id": "7222479f",
   "metadata": {},
   "outputs": [
    {
     "data": {
      "text/plain": [
       "array([[9.6820000e+03, 3.5105300e+05, 9.1357000e+04],\n",
       "       [3.5105300e+05, 1.4399307e+07, 3.7720360e+06],\n",
       "       [9.1357000e+04, 3.7720360e+06, 9.9835800e+05]])"
      ]
     },
     "execution_count": 71,
     "metadata": {},
     "output_type": "execute_result"
    }
   ],
   "source": [
    "XTX = X.T @ X\n",
    "XTX"
   ]
  },
  {
   "cell_type": "code",
   "execution_count": 72,
   "id": "ebe0bc45",
   "metadata": {},
   "outputs": [
    {
     "data": {
      "text/plain": [
       "array([[9.6820000e+03, 3.5105300e+05, 9.1357000e+04],\n",
       "       [3.5105300e+05, 1.4399307e+07, 3.7720360e+06],\n",
       "       [9.1357000e+04, 3.7720360e+06, 9.9835800e+05]])"
      ]
     },
     "execution_count": 72,
     "metadata": {},
     "output_type": "execute_result"
    }
   ],
   "source": [
    "# alternate calculation\n",
    "np.dot(np.transpose(X),X)"
   ]
  },
  {
   "cell_type": "code",
   "execution_count": 73,
   "id": "913a49b1",
   "metadata": {},
   "outputs": [
    {
     "data": {
      "text/plain": [
       "array([[ 9.19403586e-04, -3.66412216e-05,  5.43072261e-05],\n",
       "       [-3.66412216e-05,  8.23303633e-06, -2.77534485e-05],\n",
       "       [ 5.43072261e-05, -2.77534485e-05,  1.00891325e-04]])"
      ]
     },
     "execution_count": 73,
     "metadata": {},
     "output_type": "execute_result"
    }
   ],
   "source": [
    "XTX_inv = np.linalg.inv(XTX)\n",
    "XTX_inv"
   ]
  },
  {
   "cell_type": "code",
   "execution_count": 74,
   "id": "7a2d44c9",
   "metadata": {},
   "outputs": [
    {
     "data": {
      "text/plain": [
       "array([[ 1.00000000e+00,  4.92762949e-13,  1.25374971e-13],\n",
       "       [-4.39833716e-16,  1.00000000e+00, -1.66300350e-15],\n",
       "       [ 1.04674299e-15,  1.09601998e-14,  1.00000000e+00]])"
      ]
     },
     "execution_count": 74,
     "metadata": {},
     "output_type": "execute_result"
    }
   ],
   "source": [
    "np.dot(np.linalg.inv(XTX), XTX)"
   ]
  },
  {
   "cell_type": "code",
   "execution_count": 75,
   "id": "3464566e",
   "metadata": {},
   "outputs": [
    {
     "data": {
      "text/plain": [
       "array([ 950, 1300,  800, 1000, 1300])"
      ]
     },
     "execution_count": 75,
     "metadata": {},
     "output_type": "execute_result"
    }
   ],
   "source": [
    "y = np.array([950, 1300, 800, 1000, 1300])\n",
    "y"
   ]
  },
  {
   "cell_type": "code",
   "execution_count": 76,
   "id": "b60f0f55",
   "metadata": {},
   "outputs": [
    {
     "data": {
      "text/plain": [
       "array([23.12330961, -1.48124183,  5.69922946])"
      ]
     },
     "execution_count": 76,
     "metadata": {},
     "output_type": "execute_result"
    }
   ],
   "source": [
    "w = (XTX_inv @ X.T) @ y\n",
    "w"
   ]
  },
  {
   "cell_type": "code",
   "execution_count": 67,
   "id": "eaee2b28",
   "metadata": {},
   "outputs": [
    {
     "data": {
      "text/plain": [
       "array([23.12330961, -1.48124183,  5.69922946])"
      ]
     },
     "execution_count": 67,
     "metadata": {},
     "output_type": "execute_result"
    }
   ],
   "source": [
    "# alternate calculation\n",
    "np.dot(np.dot(np.linalg.inv(np.dot(X.T,X)),X.T),y)"
   ]
  }
 ],
 "metadata": {
  "kernelspec": {
   "display_name": "Python 3 (ipykernel)",
   "language": "python",
   "name": "python3"
  },
  "language_info": {
   "codemirror_mode": {
    "name": "ipython",
    "version": 3
   },
   "file_extension": ".py",
   "mimetype": "text/x-python",
   "name": "python",
   "nbconvert_exporter": "python",
   "pygments_lexer": "ipython3",
   "version": "3.11.5"
  }
 },
 "nbformat": 4,
 "nbformat_minor": 5
}
